737138625
503599787
414602893
290185267
227031635
211497624
186608015
107417105
93447406
84998097
84733791
78265150
74475972
70227430
55492152
51694905
50915080
47350763
48751386
48197856
46597849
34522021
31879821
30926327
28967419
28361240
25716576
24627334
21126476
20955736
20938826
21128840
15313528
14827131
13717752
13938515
12002628
11330530
11039833
10760191
10935572
10231477
9994821
9473947
8999846
8795373
8584805
8635201
8347839
8448319
8350924
8677682
8301716
7816482
7440382
7909927
7888616
7631983
7269518
7363503
7284454
7156945
6965110
6164325
6666702
6560993
6786336
6224673
6262459
6033201
5657584
5454872
5738593
5635473
4743643
4920789
4567465
4009249
4336174
4099158
4078157
3945101
3719357
3906863
3670282
3508465
3526723
3406420
3476171
3267189
3387789
3358521
3245622
2977266
3111176
3001471
2896872
2921189
2934127
2728664
2870158
2930252
2880584
2603382
2465973
2539856
2430619
2295289
2577325
2461808
2450099
2571912
2271981
2300359
2263646
2117171
2272454
2252359
2285131
2332896
1862450
2006246
1793830
1834737
1632195
1788504
1595691
1873960
1645929
1798207
1633163
1582172
1730580
1661396
1628439
1651049
1568576
1585821
1460671
1474699
1564912
1498948
1399202
1361382
1416364
1513283
1180683
1001033
1056209
890841
