11588
6042
8240
9314
6674
6579
3990
1825
4687
2421
2851
3061
5069
1791
3276
4266
1690
3995
2148
3258
3161
702
3295
1191
1404
667
650
1229
1132
479
1172
521
1385
698
781
378
3083
404
803
1447
411
1437
799
2646
549
367
310
1181
287
468
402
130
561
880
84
172
198
930
139
564
320
261
275
335
792
395
1308
1112
266
658
330
531
369
144
265
324
304
170
68
65
247
492
2508
440
135
583
532
1987
71
618
133
83
178
992
181
451
41
307
965
117
354
108
556
52
99
57
66
77
340
66
465
50
622
80
59
530
282
73
213
136
116
266
58
417
319
1191
97
347
52
246
108
201
284
268
1020
1281
528
452
671
397
92
228
556
217
206
126
178
504
773
421
