2760885855
48359390
187427811
151460229
102681182
234408039
236740876
193414528
82833826
21371542
34941357
34940915
21614592
110184253
49680255
183265874
134825643
110897077
59126728
83000411
150951233
57268620
101959040
102423983
28261396
91278060
31967455
8747421
97569320
9623618
9588192
11171499
4162879
20795354
4454321
5748065
19628619
37164952
17957199
49036466
27169292
77282741
8680016
12955884
7565129
185934419
69359983
33168375
91656214
41478280
55913213
22027799
39125870
227726318
55809466
112900165
197308821
176669896
71716477
314114427
951290605
98441429
105330320
112392609
6832260
16840494
43746229
29903544
28570682
112647962
1940645
54950280
117734144
54739733
40414383
52896546
10882902
98942202
1056718
4879516
71514470
35385281
66263499
37560408
912090214
183739178
242730094
136673740
70184230
147508318
284349086
8946577
30844729
113168157
730932065
97689651
29339972
150548514
93510162
437012037
204531154
287910878
30465010
213626452
49939941
200645524
183471275
61351864
167258713
152160903
39312043
273539371
1296678808
84307071
223866283
70882339
133260108
84827514
43193154
7708381
268909772
109545391
5624188
157603565
26001609
20278336
57237511
127798840
686979765
16904682
244715070
116312089
69441832
555401941
25580769
88009374
167460848
743592007
97686416
45129264
51161806
15953090
311270329
719095102
86974971
1912387733
79163266
625761454
16848956
34585800
44647531
58316492
53056521
358280748
26051571
173161144
24115325
1769535701
65813128
169670577
1358643413
669421928
83645191
69048236
276567274
197331495
135423997
3959487
53918599
311289474
78267977
