4999
234
943
264
258
306
256
469
224
352
132
128
53
437
249
319
350
215
122
163
180
66
135
199
385
297
482
125
181
171
236
134
309
171
190
199
259
247
254
608
181
674
248
318
255
540
172
115
183
114
106
94
89
244
108
214
962
326
349
278
908
248
373
255
154
198
174
247
107
199
18
339
168
395
320
269
55
145
7
66
253
45
50
94
1467
603
305
33
75
267
572
43
149
98
1370
323
239
342
172
527
477
849
46
453
61
348
392
166
31
192
69
569
1588
183
680
246
372
106
566
59
244
239
12
193
51
63
134
211
953
25
640
107
141
405
365
141
91
1179
240
172
217
25
290
444
243
2015
64
367
17
161
121
69
919
534
51
215
122
2716
73
303
179
2214
95
113
269
199
350
18
194
740
278
