63965
3241
12238
3500
2982
3950
3587
6122
3023
4138
1711
1732
703
5568
3200
3848
4153
2931
1522
1962
2139
959
1916
2544
5464
3959
6744
2401
2387
2162
3082
1652
3879
2260
2494
2585
3476
3485
3384
8261
2478
8910
3173
3996
3217
6782
2130
1487
2064
1597
1725
1509
1134
2925
1411
2741
12757
4420
4450
3680
11834
3353
4550
3498
1822
3007
2100
3677
1536
2877
217
4674
2360
5268
4575
3567
919
2087
188
846
4135
2598
2813
1676
23021
9849
7176
2911
3787
4858
10546
351
3129
27657
9886
4589
1004
5101
2909
10163
9475
11303
1002
8893
1259
6618
6324
3259
2659
6672
2112
17882
22575
2613
6252
2498
6549
3169
11772
559
22526
3622
256
4887
659
1405
1362
9521
18311
1986
9522
11137
2009
5251
2068
2720
2313
15402
3397
4490
2703
477
4688
6598
4589
31808
1998
5114
749
2667
1828
1385
3016
16282
1486
13052
2558
36466
2016
5246
31481
19095
2357
2020
5290
6642
2453
121
2297
14209
5053
