297499436
223240469
3679918
15238473
11372154
10208160
18117499
17014250
13436273
6018687
1609792
2723733
2391282
1548560
9055438
4002705
14625240
11726347
7526311
5229467
7030122
11980077
3965989
6948595
8092562
2151648
6777120
2069195
113938
7096174
629897
622725
828365
349824
1836042
332510
213875
1435155
2139452
1096543
4312330
2071449
6724646
743542
1091037
751658
18800537
5547380
2336645
10267263
3277632
2499600
1399610
2893620
21430137
4578034
9124202
16107043
12361556
5453933
22103751
60694376
7394290
9107229
8117133
527499
1163168
3676996
1830961
1907354
7311314
176249
3912482
7208746
5285117
2640083
3699420
752996
6366822
55367
304983
6058482
1733964
972285
2219831
69268957
13856381
8308850
1206538
2732689
8330233
16773196
1541657
5060751
2402668
82265872
7968862
10480031
10545168
6088150
22995753
11029822
30163238
1406817
11737352
2595257
11227013
11334558
3040857
1719139
7733702
1373256
12851702
96462398
6241109
35006703
5578268
9937473
3169640
1848630
989235
5013755
7656187
184890
7475874
1926614
1160697
6609552
4664009
35002745
294713
20345843
1951196
6174789
49459490
5980185
4349648
6781940
58882423
8457247
3098536
4947311
1388071
18955845
51951807
3830594
121878508
1636348
45569465
226545
2187677
2768596
3313539
22942341
14152764
1231449
6035377
1557208
131046426
3909885
10360749
6171470
119268319
5065446
5123411
14333658
8694991
22119602
757501
5304799
23771371
5996520
